20
0 50 138 117 112 66 198 168 142 119 110 74 143 77 171 62 63 65 152 140 
50 0 183 113 154 127 161 154 97 121 194 196 200 160 124 148 108 131 136 155 
138 183 0 56 66 97 195 109 191 114 73 73 139 123 85 64 146 173 162 99 
117 113 56 0 168 135 181 198 57 187 182 126 50 197 108 106 156 138 116 126 
112 154 66 168 0 145 72 169 73 64 197 77 133 119 105 79 66 146 138 111 
66 127 97 135 145 0 112 84 85 116 182 162 55 148 81 90 151 192 140 56 
198 161 195 181 72 112 0 117 140 173 89 150 135 63 152 115 53 187 73 139 
168 154 109 198 169 84 117 0 159 158 175 166 193 141 73 64 129 181 85 138 
142 97 191 57 73 85 140 159 0 175 163 184 159 62 53 186 96 197 176 153 
119 121 114 187 64 116 173 158 175 0 60 191 128 200 65 200 136 190 144 142 
110 194 73 182 197 182 89 175 163 60 0 179 159 60 114 194 145 78 93 159 
74 196 73 126 77 162 150 166 184 191 179 0 120 192 122 73 52 195 141 128 
143 200 139 50 133 55 135 193 159 128 159 120 0 193 121 185 176 104 82 137 
77 160 123 197 119 148 63 141 62 200 60 192 193 0 148 145 120 190 90 174 
171 124 85 108 105 81 152 73 53 65 114 122 121 148 0 144 150 100 64 109 
62 148 64 106 79 90 115 64 186 200 194 73 185 145 144 0 117 193 126 80 
63 108 146 156 66 151 53 129 96 136 145 52 176 120 150 117 0 189 65 150 
65 131 173 138 146 192 187 181 197 190 78 195 104 190 100 193 189 0 147 83 
152 136 162 116 138 140 73 85 176 144 93 141 82 90 64 126 65 147 0 181 
140 155 99 126 111 56 139 138 153 142 159 128 137 174 109 80 150 83 181 0 