20
0 89 169 136 167 199 179 107 180 121 107 91 178 137 165 103 160 182 55 190 
89 0 72 94 124 117 82 147 146 179 51 99 178 182 123 163 157 197 59 142 
169 72 0 150 137 158 175 197 95 169 72 129 162 110 68 118 134 146 143 87 
136 94 150 0 124 104 134 82 189 182 194 194 157 98 196 169 183 192 70 164 
167 124 137 124 0 188 72 108 69 81 127 61 58 105 151 134 89 65 73 150
199 117 158 104 188 0 125 78 79 124 132 110 138 184 134 160 131 74 132 196 
179 82 175 134 72 125 0 147 67 156 188 178 100 128 75 163 121 82 183 177 
107 147 197 82 108 78 147 0 136 135 121 69 105 146 137 178 89 109 82 134 
180 146 95 189 69 79 67 136 0 74 178 142 110 176 149 117 169 187 162 71
121 179 169 182 81 124 156 135 74 0 112 71 200 185 140 87 130 198 65 173 
107 51 72 194 127 132 188 121 178 112 0 146 75 111 119 161 159 108 198 153 
91 99 129 194 61 110 178 69 142 71 146 0 180 141 136 153 56 54 175 196 
178 178 162 157 58 138 100 105 110 200 75 180 0 56 116 144 165 75 101 133 
137 182 110 98 105 184 128 146 176 185 111 141 56 0 134 148 137 67 79 107
165 123 68 196 151 134 75 137 149 140 119 136 116 134 0 133 88 182 75 84 
103 163 118 169 134 160 163 178 117 87 161 153 144 148 133 0 120 126 158 162 
160 157 134 183 89 131 121 89 169 130 159 56 165 137 88 120 0 54 125 101 
182 197 146 192 65 74 82 109 187 198 108 54 75 67 182 126 54 0 191 153 
55 59 143 70 73 132 183 82 162 65 198 175 101 79 75 158 125 191 0 136 
190 142 87 164 150 196 177 134 71 173 153 196 133 107 84 162 101 153 136 0 0 50 138 117 112 66 198 168 142 119 110 74 143 77 171 62 63 65 152 140 
50 0 183 113 154 127 161 154 97 121 194 196 200 160 124 148 108 131 136 155 
138 183 0 56 66 97 195 109 191 114 73 73 139 123 85 64 146 173 162 99 
117 113 56 0 168 135 181 198 57 187 182 126 50 197 108 106 156 138 116 126 
112 154 66 168 0 145 72 169 73 64 197 77 133 119 105 79 66 146 138 111 
66 127 97 135 145 0 112 84 85 116 182 162 55 148 81 90 151 192 140 56 
198 161 195 181 72 112 0 117 140 173 89 150 135 63 152 115 53 187 73 139 
168 154 109 198 169 84 117 0 159 158 175 166 193 141 73 64 129 181 85 138 
142 97 191 57 73 85 140 159 0 175 163 184 159 62 53 186 96 197 176 153 
119 121 114 187 64 116 173 158 175 0 60 191 128 200 65 200 136 190 144 142 
110 194 73 182 197 182 89 175 163 60 0 179 159 60 114 194 145 78 93 159 
74 196 73 126 77 162 150 166 184 191 179 0 120 192 122 73 52 195 141 128 
143 200 139 50 133 55 135 193 159 128 159 120 0 193 121 185 176 104 82 137 
77 160 123 197 119 148 63 141 62 200 60 192 193 0 148 145 120 190 90 174 
171 124 85 108 105 81 152 73 53 65 114 122 121 148 0 144 150 100 64 109 
62 148 64 106 79 90 115 64 186 200 194 73 185 145 144 0 117 193 126 80 
63 108 146 156 66 151 53 129 96 136 145 52 176 120 150 117 0 189 65 150 
65 131 173 138 146 192 187 181 197 190 78 195 104 190 100 193 189 0 147 83 
152 136 162 116 138 140 73 85 176 144 93 141 82 90 64 126 65 147 0 181 
140 155 99 126 111 56 139 138 153 142 159 128 137 174 109 80 150 83 181 0 