20
0 1 170
1 0 170
0 2 186
2 0 186
0 3 67
3 0 67
0 4 82
4 0 82
0 5 106
5 0 106
0 6 76
6 0 76
0 7 127
7 0 127
0 8 191
8 0 191
0 9 173
9 0 173
0 10 183
10 0 183
0 11 113
11 0 113
0 12 128
12 0 128
0 13 159
13 0 159
0 14 97
14 0 97
0 15 100
15 0 100
0 16 59
16 0 59
0 17 155
17 0 155
0 18 98
18 0 98
0 19 93
19 0 93
1 2 56
2 1 56
1 3 183
3 1 183
1 4 90
4 1 90
1 5 83
5 1 83
1 6 63
6 1 63
1 7 156
7 1 156
1 8 128
8 1 128
1 9 145
9 1 145
1 10 123
10 1 123
1 11 111
11 1 111
1 12 118
12 1 118
1 13 140
13 1 140
1 14 165
14 1 165
1 15 129
15 1 129
1 16 139
16 1 139
1 17 137
17 1 137
1 18 51
18 1 51
1 19 57
19 1 57
2 3 176
3 2 176
2 4 170
4 2 170
2 5 87
5 2 87
2 6 94
6 2 94
2 7 108
7 2 108
2 8 153
8 2 153
2 9 160
9 2 160
2 10 97
10 2 97
2 11 88
11 2 88
2 12 96
12 2 96
2 13 100
13 2 100
2 14 167
14 2 167
2 15 62
15 2 62
2 16 72
16 2 72
2 17 175
17 2 175
2 18 81
18 2 81
2 19 79
19 2 79
3 4 68
4 3 68
3 5 114
5 3 114
3 6 139
6 3 139
3 7 102
7 3 102
3 8 96
8 3 96
3 9 85
9 3 85
3 10 54
10 3 54
3 11 108
11 3 108
3 12 86
12 3 86
3 13 55
13 3 55
3 14 146
14 3 146
3 15 75
15 3 75
3 16 77
16 3 77
3 17 54
17 3 54
3 18 100
18 3 100
3 19 183
19 3 183
4 5 92
5 4 92
4 6 194
6 4 194
4 7 140
7 4 140
4 8 93
8 4 93
4 9 65
9 4 65
4 10 102
10 4 102
4 11 53
11 4 53
4 12 176
12 4 176
4 13 84
13 4 84
4 14 58
14 4 58
4 15 140
15 4 140
4 16 94
16 4 94
4 17 138
17 4 138
4 18 59
18 4 59
4 19 135
19 4 135
5 6 179
6 5 179
5 7 88
7 5 88
5 8 149
8 5 149
5 9 192
9 5 192
5 10 91
10 5 91
5 11 77
11 5 77
5 12 188
12 5 188
5 13 94
13 5 94
5 14 55
14 5 55
5 15 163
15 5 163
5 16 141
16 5 141
5 17 57
17 5 57
5 18 73
18 5 73
5 19 137
19 5 137
6 7 117
7 6 117
6 8 185
8 6 185
6 9 135
9 6 135
6 10 116
10 6 116
6 11 188
11 6 188
6 12 119
12 6 119
6 13 149
13 6 149
6 14 164
14 6 164
6 15 111
15 6 111
6 16 197
16 6 197
6 17 200
17 6 200
6 18 137
18 6 137
6 19 57
19 6 57
7 8 195
8 7 195
7 9 171
9 7 171
7 10 97
10 7 97
7 11 184
11 7 184
7 12 164
12 7 164
7 13 65
13 7 65
7 14 104
14 7 104
7 15 176
15 7 176
7 16 181
16 7 181
7 17 78
17 7 78
7 18 174
18 7 174
7 19 55
19 7 55
8 9 194
9 8 194
8 10 112
10 8 112
8 11 106
11 8 106
8 12 51
12 8 51
8 13 118
13 8 118
8 14 162
14 8 162
8 15 125
15 8 125
8 16 108
16 8 108
8 17 152
17 8 152
8 18 96
18 8 96
8 19 87
19 8 87
9 10 104
10 9 104
9 11 108
11 9 108
9 12 79
12 9 79
9 13 162
13 9 162
9 14 181
14 9 181
9 15 132
15 9 132
9 16 172
16 9 172
9 17 104
17 9 104
9 18 130
18 9 130
9 19 118
19 9 118
10 11 68
11 10 68
10 12 57
12 10 57
10 13 106
13 10 106
10 14 182
14 10 182
10 15 189
15 10 189
10 16 156
16 10 156
10 17 111
17 10 111
10 18 95
18 10 95
10 19 146
19 10 146
11 12 181
12 11 181
11 13 199
13 11 199
11 14 56
14 11 56
11 15 150
15 11 150
11 16 184
16 11 184
11 17 76
17 11 76
11 18 98
18 11 98
11 19 165
19 11 165
12 13 154
13 12 154
12 14 178
14 12 178
12 15 187
15 12 187
12 16 153
16 12 153
12 17 89
17 12 89
12 18 194
18 12 194
12 19 150
19 12 150
13 14 94
14 13 94
13 15 78
15 13 78
13 16 139
16 13 139
13 17 112
17 13 112
13 18 128
18 13 128
13 19 68
19 13 68
14 15 71
15 14 71
14 16 117
16 14 117
14 17 110
17 14 110
14 18 136
18 14 136
14 19 122
19 14 122
15 16 93
16 15 93
15 17 120
17 15 120
15 18 62
18 15 62
15 19 84
19 15 84
16 17 185
17 16 185
16 18 175
18 16 175
16 19 193
19 16 193
17 18 65
18 17 65
17 19 182
19 17 182
18 19 66
19 18 66
