20
0 1 1813
1 0 1813
0 2 898
2 0 898
0 3 3389
3 0 3389
0 4 2113
4 0 2113
0 5 2965
5 0 2965
0 6 1972
6 0 1972
0 7 2051
7 0 2051
0 8 802
8 0 802
0 9 579
9 0 579
0 10 2398
10 0 2398
0 11 989
11 0 989
0 12 2075
12 0 2075
0 13 1261
13 0 1261
0 14 1632
14 0 1632
0 15 1143
15 0 1143
0 16 135
16 0 135
0 17 378
17 0 378
0 18 2932
18 0 2932
0 19 2834
19 0 2834
1 2 1961
2 1 1961
1 3 1182
3 1 1182
1 4 1932
4 1 1932
1 5 2827
5 1 2827
1 6 451
6 1 451
1 7 2615
7 1 2615
1 8 2703
8 1 2703
1 9 377
9 1 377
1 10 132
10 1 132
1 11 2126
11 1 2126
1 12 2035
12 1 2035
1 13 154
13 1 154
1 14 591
14 1 591
1 15 368
15 1 368
1 16 2985
16 1 2985
1 17 3162
17 1 3162
1 18 2872
18 1 2872
1 19 1186
19 1 1186
2 3 1769
3 2 1769
2 4 445
4 2 445
2 5 2802
5 2 2802
2 6 2438
6 2 2438
2 7 915
7 2 915
2 8 3237
8 2 3237
2 9 1920
9 2 1920
2 10 3557
10 2 3557
2 11 3570
11 2 3570
2 12 868
12 2 868
2 13 3028
13 2 3028
2 14 2264
14 2 2264
2 15 1099
15 2 1099
2 16 789
16 2 789
2 17 3003
17 2 3003
2 18 1200
18 2 1200
2 19 2411
19 2 2411
3 4 2242
4 3 2242
3 5 417
5 3 417
3 6 920
6 3 920
3 7 1367
7 3 1367
3 8 3064
8 3 3064
3 9 2322
9 3 2322
3 10 1122
10 3 1122
3 11 1676
11 3 1676
3 12 355
12 3 355
3 13 2531
13 3 2531
3 14 3413
14 3 3413
3 15 2504
15 3 2504
3 16 3586
16 3 3586
3 17 1993
17 3 1993
3 18 3538
18 3 3538
3 19 3021
19 3 3021
4 5 411
5 4 411
4 6 2295
6 4 2295
4 7 157
7 4 157
4 8 2746
8 4 2746
4 9 3557
9 4 3557
4 10 738
10 4 738
4 11 3327
11 4 3327
4 12 2434
12 4 2434
4 13 2538
13 4 2538
4 14 3156
14 4 3156
4 15 727
15 4 727
4 16 1697
16 4 1697
4 17 1786
17 4 1786
4 18 3523
18 4 3523
4 19 2593
19 4 2593
5 6 3550
6 5 3550
5 7 1449
7 5 1449
5 8 1706
8 5 1706
5 9 2949
9 5 2949
5 10 227
10 5 227
5 11 2008
11 5 2008
5 12 1673
12 5 1673
5 13 1110
13 5 1110
5 14 897
14 5 897
5 15 2135
15 5 2135
5 16 3534
16 5 3534
5 17 1646
17 5 1646
5 18 2074
18 5 2074
5 19 2751
19 5 2751
6 7 3445
7 6 3445
6 8 1539
8 6 1539
6 9 1128
9 6 1128
6 10 1676
10 6 1676
6 11 1289
11 6 1289
6 12 2194
12 6 2194
6 13 499
13 6 499
6 14 3325
14 6 3325
6 15 2591
15 6 2591
6 16 2050
16 6 2050
6 17 453
17 6 453
6 18 654
18 6 654
6 19 1953
19 6 1953
7 8 1896
8 7 1896
7 9 3501
9 7 3501
7 10 1174
10 7 1174
7 11 1859
11 7 1859
7 12 1030
12 7 1030
7 13 2852
13 7 2852
7 14 2403
14 7 2403
7 15 627
15 7 627
7 16 3463
16 7 3463
7 17 3169
17 7 3169
7 18 746
18 7 746
7 19 252
19 7 252
8 9 3094
9 8 3094
8 10 392
10 8 392
8 11 3346
11 8 3346
8 12 2972
12 8 2972
8 13 657
13 8 657
8 14 2640
14 8 2640
8 15 546
15 8 546
8 16 2454
16 8 2454
8 17 2720
17 8 2720
8 18 2423
18 8 2423
8 19 2680
19 8 2680
9 10 3138
10 9 3138
9 11 2633
11 9 2633
9 12 3320
12 9 3320
9 13 1510
13 9 1510
9 14 2794
14 9 2794
9 15 2500
15 9 2500
9 16 285
16 9 285
9 17 1178
17 9 1178
9 18 2475
18 9 2475
9 19 2558
19 9 2558
10 11 3333
11 10 3333
10 12 2400
12 10 2400
10 13 1610
13 10 1610
10 14 2173
14 10 2173
10 15 1474
15 10 1474
10 16 2271
16 10 2271
10 17 2110
17 10 2110
10 18 3146
18 10 3146
10 19 2885
19 10 2885
11 12 2649
12 11 2649
11 13 1609
13 11 1609
11 14 3085
14 11 3085
11 15 2541
15 11 2541
11 16 554
16 11 554
11 17 2822
17 11 2822
11 18 3419
18 11 3419
11 19 1662
19 11 1662
12 13 1733
13 12 1733
12 14 2727
14 12 2727
12 15 2890
15 12 2890
12 16 3163
16 12 3163
12 17 1835
17 12 1835
12 18 2584
18 12 2584
12 19 219
19 12 219
13 14 189
14 13 189
13 15 1399
15 13 1399
13 16 1643
16 13 1643
13 17 3442
17 13 3442
13 18 2776
18 13 2776
13 19 1783
19 13 1783
14 15 1132
15 14 1132
14 16 2905
16 14 2905
14 17 822
17 14 822
14 18 760
18 14 760
14 19 3092
19 14 3092
15 16 1224
16 15 1224
15 17 3521
17 15 3521
15 18 435
18 15 435
15 19 939
19 15 939
16 17 2307
17 16 2307
16 18 2859
18 16 2859
16 19 692
19 16 692
17 18 2789
18 17 2789
17 19 634
19 17 634
18 19 1893
19 18 1893
