31
0 1 1950
1 0 1950
0 2 1840
2 0 1840
0 3 3521
3 0 3521
0 4 465
4 0 465
0 5 3191
5 0 3191
0 6 3054
6 0 3054
0 7 1702
7 0 1702
0 8 1927
8 0 1927
0 9 2436
9 0 2436
0 10 2822
10 0 2822
0 11 1779
11 0 1779
0 12 424
12 0 424
0 13 1828
13 0 1828
0 14 1448
14 0 1448
0 15 1706
15 0 1706
0 16 436
16 0 436
0 17 2118
17 0 2118
0 18 863
18 0 863
0 19 2426
19 0 2426
0 20 3456
20 0 3456
0 21 875
21 0 875
0 22 273
22 0 273
0 23 2597
23 0 2597
0 24 152
24 0 152
0 25 350
25 0 350
0 26 1418
26 0 1418
0 27 3598
27 0 3598
0 28 482
28 0 482
0 29 2849
29 0 2849
0 30 2739
30 0 2739
1 2 3382
2 1 3382
1 3 3598
3 1 3598
1 4 2650
4 1 2650
1 5 1844
5 1 1844
1 6 1163
6 1 1163
1 7 2280
7 1 2280
1 8 3228
8 1 3228
1 9 559
9 1 559
1 10 3158
10 1 3158
1 11 2725
11 1 2725
1 12 375
12 1 375
1 13 1695
13 1 1695
1 14 2358
14 1 2358
1 15 401
15 1 401
1 16 1586
16 1 1586
1 17 787
17 1 787
1 18 3340
18 1 3340
1 19 3266
19 1 3266
1 20 1115
20 1 1115
1 21 2270
21 1 2270
1 22 951
22 1 951
1 23 2883
23 1 2883
1 24 571
24 1 571
1 25 2279
25 1 2279
1 26 2105
26 1 2105
1 27 965
27 1 965
1 28 1574
28 1 1574
1 29 2560
29 1 2560
1 30 2296
30 1 2296
2 3 1824
3 2 1824
2 4 288
4 2 288
2 5 1177
5 2 1177
2 6 1465
6 2 1465
2 7 832
7 2 832
2 8 2625
8 2 2625
2 9 3488
9 2 3488
2 10 2478
10 2 2478
2 11 1043
11 2 1043
2 12 2956
12 2 2956
2 13 352
13 2 352
2 14 505
14 2 505
2 15 152
15 2 152
2 16 1596
16 2 1596
2 17 2807
17 2 2807
2 18 3497
18 2 3497
2 19 1639
19 2 1639
2 20 924
20 2 924
2 21 2073
21 2 2073
2 22 574
22 2 574
2 23 1094
23 2 1094
2 24 810
24 2 810
2 25 2767
25 2 2767
2 26 3132
26 2 3132
2 27 746
27 2 746
2 28 2108
28 2 2108
2 29 855
29 2 855
2 30 970
30 2 970
3 4 3175
4 3 3175
3 5 2317
5 3 2317
3 6 461
6 3 461
3 7 1085
7 3 1085
3 8 3346
8 3 3346
3 9 2132
9 3 2132
3 10 844
10 3 844
3 11 2381
11 3 2381
3 12 2348
12 3 2348
3 13 548
13 3 548
3 14 1168
14 3 1168
3 15 963
15 3 963
3 16 222
16 3 222
3 17 1703
17 3 1703
3 18 2851
18 3 2851
3 19 1665
19 3 1665
3 20 2589
20 3 2589
3 21 1333
21 3 1333
3 22 2886
22 3 2886
3 23 3185
23 3 3185
3 24 2396
24 3 2396
3 25 3464
25 3 3464
3 26 2908
26 3 2908
3 27 1515
27 3 1515
3 28 484
28 3 484
3 29 3431
29 3 3431
3 30 1622
30 3 1622
4 5 876
5 4 876
4 6 2339
6 4 2339
4 7 2282
7 4 2282
4 8 240
8 4 240
4 9 3211
9 4 3211
4 10 3472
10 4 3472
4 11 2213
11 4 2213
4 12 2602
12 4 2602
4 13 429
13 4 429
4 14 786
14 4 786
4 15 3589
15 4 3589
4 16 780
16 4 780
4 17 1936
17 4 1936
4 18 2602
18 4 2602
4 19 2204
19 4 2204
4 20 2522
20 4 2522
4 21 384
21 4 384
4 22 2177
22 4 2177
4 23 3525
23 4 3525
4 24 3090
24 4 3090
4 25 2975
25 4 2975
4 26 1760
26 4 1760
4 27 1656
27 4 1656
4 28 416
28 4 416
4 29 2400
29 4 2400
4 30 2894
30 4 2894
5 6 2020
6 5 2020
5 7 1254
7 5 1254
5 8 446
8 5 446
5 9 2824
9 5 2824
5 10 2779
10 5 2779
5 11 839
11 5 839
5 12 1823
12 5 1823
5 13 1624
13 5 1624
5 14 2894
14 5 2894
5 15 2511
15 5 2511
5 16 1970
16 5 1970
5 17 2339
17 5 2339
5 18 2265
18 5 2265
5 19 712
19 5 712
5 20 3356
20 5 3356
5 21 3333
21 5 3333
5 22 2082
22 5 2082
5 23 388
23 5 388
5 24 1857
24 5 1857
5 25 2637
25 5 2637
5 26 2430
26 5 2430
5 27 1682
27 5 1682
5 28 1048
28 5 1048
5 29 730
29 5 730
5 30 1675
30 5 1675
6 7 3467
7 6 3467
6 8 401
8 6 401
6 9 1163
9 6 1163
6 10 2225
10 6 2225
6 11 2364
11 6 2364
6 12 1177
12 6 1177
6 13 1267
13 6 1267
6 14 2127
14 6 2127
6 15 1451
15 6 1451
6 16 523
16 6 523
6 17 1533
17 6 1533
6 18 2009
18 6 2009
6 19 2924
19 6 2924
6 20 911
20 6 911
6 21 268
21 6 268
6 22 2924
22 6 2924
6 23 1140
23 6 1140
6 24 2053
24 6 2053
6 25 3066
25 6 3066
6 26 792
26 6 792
6 27 3267
27 6 3267
6 28 1875
28 6 1875
6 29 1565
29 6 1565
6 30 749
30 6 749
7 8 1945
8 7 1945
7 9 1257
9 7 1257
7 10 284
10 7 284
7 11 3179
11 7 3179
7 12 2522
12 7 2522
7 13 508
13 7 508
7 14 360
14 7 360
7 15 2396
15 7 2396
7 16 3514
16 7 3514
7 17 1572
17 7 1572
7 18 2622
18 7 2622
7 19 3517
19 7 3517
7 20 1208
20 7 1208
7 21 2543
21 7 2543
7 22 1819
22 7 1819
7 23 1025
23 7 1025
7 24 216
24 7 216
7 25 1575
25 7 1575
7 26 1098
26 7 1098
7 27 2852
27 7 2852
7 28 374
28 7 374
7 29 3345
29 7 3345
7 30 1075
30 7 1075
8 9 1324
9 8 1324
8 10 461
10 8 461
8 11 2152
11 8 2152
8 12 3493
12 8 3493
8 13 2949
13 8 2949
8 14 2718
14 8 2718
8 15 3301
15 8 3301
8 16 770
16 8 770
8 17 2700
17 8 2700
8 18 3331
18 8 3331
8 19 2654
19 8 2654
8 20 1927
20 8 1927
8 21 2458
21 8 2458
8 22 2411
22 8 2411
8 23 2100
23 8 2100
8 24 2748
24 8 2748
8 25 849
25 8 849
8 26 1864
26 8 1864
8 27 2260
27 8 2260
8 28 1250
28 8 1250
8 29 2621
29 8 2621
8 30 2392
30 8 2392
9 10 2562
10 9 2562
9 11 2559
11 9 2559
9 12 1673
12 9 1673
9 13 368
13 9 368
9 14 3064
14 9 3064
9 15 1815
15 9 1815
9 16 3369
16 9 3369
9 17 1173
17 9 1173
9 18 3591
18 9 3591
9 19 829
19 9 829
9 20 2760
20 9 2760
9 21 1667
21 9 1667
9 22 860
22 9 860
9 23 766
23 9 766
9 24 2240
24 9 2240
9 25 2517
25 9 2517
9 26 712
26 9 712
9 27 1903
27 9 1903
9 28 2481
28 9 2481
9 29 3061
29 9 3061
9 30 1466
30 9 1466
10 11 514
11 10 514
10 12 1885
12 10 1885
10 13 2443
13 10 2443
10 14 3460
14 10 3460
10 15 485
15 10 485
10 16 1687
16 10 1687
10 17 2270
17 10 2270
10 18 381
18 10 381
10 19 3231
19 10 3231
10 20 941
20 10 941
10 21 1633
21 10 1633
10 22 3084
22 10 3084
10 23 1647
23 10 1647
10 24 2241
24 10 2241
10 25 602
25 10 602
10 26 849
26 10 849
10 27 3286
27 10 3286
10 28 1458
28 10 1458
10 29 1060
29 10 1060
10 30 3159
30 10 3159
11 12 3190
12 11 3190
11 13 2353
13 11 2353
11 14 568
14 11 568
11 15 1435
15 11 1435
11 16 584
16 11 584
11 17 2227
17 11 2227
11 18 871
18 11 871
11 19 950
19 11 950
11 20 1866
20 11 1866
11 21 626
21 11 626
11 22 3511
22 11 3511
11 23 998
23 11 998
11 24 3286
24 11 3286
11 25 1656
25 11 1656
11 26 2243
26 11 2243
11 27 2694
27 11 2694
11 28 2837
28 11 2837
11 29 3516
29 11 3516
11 30 3101
30 11 3101
12 13 2014
13 12 2014
12 14 2294
14 12 2294
12 15 975
15 12 975
12 16 2854
16 12 2854
12 17 963
17 12 963
12 18 191
18 12 191
12 19 595
19 12 595
12 20 2215
20 12 2215
12 21 2456
21 12 2456
12 22 2887
22 12 2887
12 23 869
23 12 869
12 24 1735
24 12 1735
12 25 2066
25 12 2066
12 26 2301
26 12 2301
12 27 3454
27 12 3454
12 28 2853
28 12 2853
12 29 3259
29 12 3259
12 30 3470
30 12 3470
13 14 2101
14 13 2101
13 15 968
15 13 968
13 16 2643
16 13 2643
13 17 1212
17 13 1212
13 18 1852
18 13 1852
13 19 415
19 13 415
13 20 3477
20 13 3477
13 21 547
21 13 547
13 22 1798
22 13 1798
13 23 1382
23 13 1382
13 24 2987
24 13 2987
13 25 3530
25 13 3530
13 26 154
26 13 154
13 27 3365
27 13 3365
13 28 122
28 13 122
13 29 718
29 13 718
13 30 2812
30 13 2812
14 15 249
15 14 249
14 16 1078
16 14 1078
14 17 3229
17 14 3229
14 18 1576
18 14 1576
14 19 1396
19 14 1396
14 20 3277
20 14 3277
14 21 3597
21 14 3597
14 22 2669
22 14 2669
14 23 3434
23 14 3434
14 24 2611
24 14 2611
14 25 437
25 14 437
14 26 1834
26 14 1834
14 27 569
27 14 569
14 28 1135
28 14 1135
14 29 719
29 14 719
14 30 1594
30 14 1594
15 16 477
16 15 477
15 17 677
17 15 677
15 18 3445
18 15 3445
15 19 621
19 15 621
15 20 2887
20 15 2887
15 21 2494
21 15 2494
15 22 397
22 15 397
15 23 3432
23 15 3432
15 24 205
24 15 205
15 25 3511
25 15 3511
15 26 3443
26 15 3443
15 27 2620
27 15 2620
15 28 2150
28 15 2150
15 29 1573
29 15 1573
15 30 2336
30 15 2336
16 17 2877
17 16 2877
16 18 3497
18 16 3497
16 19 1348
19 16 1348
16 20 2225
20 16 2225
16 21 1733
21 16 1733
16 22 1423
22 16 1423
16 23 2383
23 16 2383
16 24 1409
24 16 1409
16 25 3272
25 16 3272
16 26 1851
26 16 1851
16 27 2373
27 16 2373
16 28 1842
28 16 1842
16 29 1770
29 16 1770
16 30 2368
30 16 2368
17 18 2237
18 17 2237
17 19 2955
19 17 2955
17 20 1804
20 17 1804
17 21 3583
21 17 3583
17 22 488
22 17 488
17 23 1993
23 17 1993
17 24 1315
24 17 1315
17 25 656
25 17 656
17 26 2324
26 17 2324
17 27 3519
27 17 3519
17 28 1770
28 17 1770
17 29 2779
29 17 2779
17 30 3478
30 17 3478
18 19 1644
19 18 1644
18 20 2158
20 18 2158
18 21 2684
21 18 2684
18 22 1378
22 18 1378
18 23 3560
23 18 3560
18 24 3169
24 18 3169
18 25 509
25 18 509
18 26 1700
26 18 1700
18 27 1815
27 18 1815
18 28 3333
28 18 3333
18 29 1722
29 18 1722
18 30 989
30 18 989
19 20 1142
20 19 1142
19 21 1172
21 19 1172
19 22 1442
22 19 1442
19 23 3182
23 19 3182
19 24 407
24 19 407
19 25 2478
25 19 2478
19 26 309
26 19 309
19 27 1172
27 19 1172
19 28 1347
28 19 1347
19 29 1149
29 19 1149
19 30 689
30 19 689
20 21 2512
21 20 2512
20 22 1214
22 20 1214
20 23 1565
23 20 1565
20 24 1315
24 20 1315
20 25 3366
25 20 3366
20 26 106
26 20 106
20 27 2085
27 20 2085
20 28 2186
28 20 2186
20 29 607
29 20 607
20 30 3370
30 20 3370
21 22 212
22 21 212
21 23 568
23 21 568
21 24 1451
24 21 1451
21 25 819
25 21 819
21 26 3280
26 21 3280
21 27 1961
27 21 1961
21 28 3084
28 21 3084
21 29 1322
29 21 1322
21 30 1337
30 21 1337
22 23 3065
23 22 3065
22 24 3440
24 22 3440
22 25 3423
25 22 3423
22 26 2954
26 22 2954
22 27 3382
27 22 3382
22 28 3406
28 22 3406
22 29 1232
29 22 1232
22 30 627
30 22 627
23 24 263
24 23 263
23 25 160
25 23 160
23 26 2619
26 23 2619
23 27 395
27 23 395
23 28 1460
28 23 1460
23 29 1209
29 23 1209
23 30 2398
30 23 2398
24 25 940
25 24 940
24 26 3573
26 24 3573
24 27 2424
27 24 2424
24 28 3185
28 24 3185
24 29 516
29 24 516
24 30 3488
30 24 3488
25 26 920
26 25 920
25 27 564
27 25 564
25 28 1696
28 25 1696
25 29 3252
29 25 3252
25 30 2352
30 25 2352
26 27 626
27 26 626
26 28 395
28 26 395
26 29 3488
29 26 3488
26 30 2989
30 26 2989
27 28 499
28 27 499
27 29 3421
29 27 3421
27 30 840
30 27 840
28 29 1237
29 28 1237
28 30 910
30 28 910
29 30 1037
30 29 1037
