20
0 1 50
1 0 50
0 2 138
2 0 138
0 3 117
3 0 117
0 4 112
4 0 112
0 5 66
5 0 66
0 6 198
6 0 198
0 7 168
7 0 168
0 8 142
8 0 142
0 9 119
9 0 119
0 10 110
10 0 110
0 11 74
11 0 74
0 12 143
12 0 143
0 13 77
13 0 77
0 14 171
14 0 171
0 15 62
15 0 62
0 16 63
16 0 63
0 17 65
17 0 65
0 18 152
18 0 152
0 19 140
19 0 140
1 2 183
2 1 183
1 3 113
3 1 113
1 4 154
4 1 154
1 5 127
5 1 127
1 6 161
6 1 161
1 7 154
7 1 154
1 8 97
8 1 97
1 9 121
9 1 121
1 10 194
10 1 194
1 11 196
11 1 196
1 12 200
12 1 200
1 13 160
13 1 160
1 14 124
14 1 124
1 15 148
15 1 148
1 16 108
16 1 108
1 17 131
17 1 131
1 18 136
18 1 136
1 19 155
19 1 155
2 3 56
3 2 56
2 4 66
4 2 66
2 5 97
5 2 97
2 6 195
6 2 195
2 7 109
7 2 109
2 8 191
8 2 191
2 9 114
9 2 114
2 10 73
10 2 73
2 11 73
11 2 73
2 12 139
12 2 139
2 13 123
13 2 123
2 14 85
14 2 85
2 15 64
15 2 64
2 16 146
16 2 146
2 17 173
17 2 173
2 18 162
18 2 162
2 19 99
19 2 99
3 4 168
4 3 168
3 5 135
5 3 135
3 6 181
6 3 181
3 7 198
7 3 198
3 8 57
8 3 57
3 9 187
9 3 187
3 10 182
10 3 182
3 11 126
11 3 126
3 12 50
12 3 50
3 13 197
13 3 197
3 14 108
14 3 108
3 15 106
15 3 106
3 16 156
16 3 156
3 17 138
17 3 138
3 18 116
18 3 116
3 19 126
19 3 126
4 5 145
5 4 145
4 6 72
6 4 72
4 7 169
7 4 169
4 8 73
8 4 73
4 9 64
9 4 64
4 10 197
10 4 197
4 11 77
11 4 77
4 12 133
12 4 133
4 13 119
13 4 119
4 14 105
14 4 105
4 15 79
15 4 79
4 16 66
16 4 66
4 17 146
17 4 146
4 18 138
18 4 138
4 19 111
19 4 111
5 6 112
6 5 112
5 7 84
7 5 84
5 8 85
8 5 85
5 9 116
9 5 116
5 10 182
10 5 182
5 11 162
11 5 162
5 12 55
12 5 55
5 13 148
13 5 148
5 14 81
14 5 81
5 15 90
15 5 90
5 16 151
16 5 151
5 17 192
17 5 192
5 18 140
18 5 140
5 19 56
19 5 56
6 7 117
7 6 117
6 8 140
8 6 140
6 9 173
9 6 173
6 10 89
10 6 89
6 11 150
11 6 150
6 12 135
12 6 135
6 13 63
13 6 63
6 14 152
14 6 152
6 15 115
15 6 115
6 16 53
16 6 53
6 17 187
17 6 187
6 18 73
18 6 73
6 19 139
19 6 139
7 8 159
8 7 159
7 9 158
9 7 158
7 10 175
10 7 175
7 11 166
11 7 166
7 12 193
12 7 193
7 13 141
13 7 141
7 14 73
14 7 73
7 15 64
15 7 64
7 16 129
16 7 129
7 17 181
17 7 181
7 18 85
18 7 85
7 19 138
19 7 138
8 9 175
9 8 175
8 10 163
10 8 163
8 11 184
11 8 184
8 12 159
12 8 159
8 13 62
13 8 62
8 14 53
14 8 53
8 15 186
15 8 186
8 16 96
16 8 96
8 17 197
17 8 197
8 18 176
18 8 176
8 19 153
19 8 153
9 10 60
10 9 60
9 11 191
11 9 191
9 12 128
12 9 128
9 13 200
13 9 200
9 14 65
14 9 65
9 15 200
15 9 200
9 16 136
16 9 136
9 17 190
17 9 190
9 18 144
18 9 144
9 19 142
19 9 142
10 11 179
11 10 179
10 12 159
12 10 159
10 13 60
13 10 60
10 14 114
14 10 114
10 15 194
15 10 194
10 16 145
16 10 145
10 17 78
17 10 78
10 18 93
18 10 93
10 19 159
19 10 159
11 12 120
12 11 120
11 13 192
13 11 192
11 14 122
14 11 122
11 15 73
15 11 73
11 16 52
16 11 52
11 17 195
17 11 195
11 18 141
18 11 141
11 19 128
19 11 128
12 13 193
13 12 193
12 14 121
14 12 121
12 15 185
15 12 185
12 16 176
16 12 176
12 17 104
17 12 104
12 18 82
18 12 82
12 19 137
19 12 137
13 14 148
14 13 148
13 15 145
15 13 145
13 16 120
16 13 120
13 17 190
17 13 190
13 18 90
18 13 90
13 19 174
19 13 174
14 15 144
15 14 144
14 16 150
16 14 150
14 17 100
17 14 100
14 18 64
18 14 64
14 19 109
19 14 109
15 16 117
16 15 117
15 17 193
17 15 193
15 18 126
18 15 126
15 19 80
19 15 80
16 17 189
17 16 189
16 18 65
18 16 65
16 19 150
19 16 150
17 18 147
18 17 147
17 19 83
19 17 83
18 19 181
19 18 181
